<?xml version="1.0" encoding="UTF-8"?>
<kml xmlns="http://www.opengis.net/kml/2.2">
<Document>
  <Placemark>
    <name>Circle</name>
    <Style>
	<IconStyle>
          <Icon/>
	</IconStyle>
	<LineStyle>
	  <color>ff0000ff</color>
	  <width>5</width>
	</LineStyle>
    </Style>
    <LineString>
	<tessellate>1</tessellate>
	<coordinates> 35.87553480663819,31.985806440592167,0.0 35.87541677650269,31.987150546973904,0.0 35.8750650074466,31.988464646911225,0.0 35.87448734816125,31.989719383714498,0.0 35.87369669507429,31.990886725706467,0.0 35.872710704934036,31.991940592664033,0.0 35.871551400843586,31.99285743873883,0.0 35.87024468050478,31.993616778806114,0.0 35.86881973763874,31.99420164645057,0.0 35.8673084095134,31.99459897332482,0.0 35.86574446518296,31.99479988137429,0.0 35.864162850389064,31.99479988137429,0.0 35.862598906058636,31.994598973324827,0.0 35.861087577933304,31.99420164645057,0.0 35.85966263506725,31.993616778806114,0.0 35.85835591472845,31.992857438738834,0.0 35.857196610638006,31.991940592664033,0.0 35.85621062049774,31.990886725706467,0.0 35.855419967410796,31.989719383714498,0.0 35.854842308125434,31.988464646911225,0.0 35.85449053906934,31.987150546973897,0.0 35.85437250893385,31.985806440592167,0.0 35.85449084416916,31.984462353522296,0.0 35.854842891215604,31.98314830980463,0.0 35.85542077668119,31.981893661133455,0.0 35.856211584041176,31.98072643135508,0.0 35.85719764283938,31.979672690721944,0.0 35.858356923872165,31.978755973857933,0.0 35.859663531486454,31.977996754406856,0.0 35.86108828197721,31.977411988066727,0.0 35.86259935516985,31.97701473418361,0.0 35.86416300466209,31.976813864326477,0.0 35.865744310909946,31.976813864326477,0.0 35.86730796040218,31.9770147341836,0.0 35.868819033594825,31.977411988066727,0.0 35.87024378408559,31.977996754406863,0.0 35.87155039169987,31.97875597385793,0.0 35.872709672732654,31.979672690721944,0.0 35.873695731530866,31.98072643135508,0.0 35.874486538890835,31.981893661133455,0.0 35.87506442435643,31.98314830980463,0.0 35.87541647140288,31.984462353522296,0.0 35.87553480663819,31.985806440592167,0.0</coordinates>
    </LineString>
  </Placemark>
  <Placemark>
    <name>center point</name>
    <visibility>0</visibility>
	<Style>
	</Style>
    <Point>
	<coordinates>35.864953657786025,31.985806881693907</coordinates>
    </Point>
  </Placemark>
</Document>
</kml>
